2500, 0.9989142936938366
2501, 1.0022898667490887
2502, 1.002989137272284
2503, 1.0011741223222423
2504, 1.002241887352248
2505, 1.000721729161642
2506, 0.9999595943233609
2507, 1.004097673352899
2508, 0.9999980186492052
2509, 0.9981710854677165
2510, 1.0023491511970837
2511, 1.000046686455503
2512, 1.0034228207517903
2513, 1.0013366071680365
2514, 0.9996494244368924
2515, 0.9993685711915724
2516, 0.9972592339804529
2517, 0.9993342594191641
2518, 0.9928737705046362
2519, 0.9940188344967253
2520, 0.9938848566127871
2521, 0.9952318114195057
2522, 0.9922825861099728
2523, 0.9949792173706938
2524, 0.9920105322420758
2525, 0.9916021492236679
2526, 0.9959114139903491
2527, 0.9945323832511069
2528, 0.991165697286331
2529, 0.9950300929093548
2530, 0.9905569010989688
2531, 0.9938870618489297
2532, 0.9958940443413067
2533, 0.9938530766712392
2534, 0.9933629218915294
2535, 0.9960647749572562
2536, 0.9938735919861231
2537, 0.9922120945445282
2538, 0.9941886435044193
2539, 0.9978632387541604
2540, 0.9969784678832698
2541, 0.9965445142353705
2542, 0.9988721573548041
2543, 0.9965966118357732
2544, 0.9960579821540189
2545, 0.99724432400625
2546, 0.9962022961135056
2547, 1.0013477290910595
2548, 0.9999046418515728
2549, 0.9988075803023221
2550, 0.9995259184459214
2551, 1.0002778711466336
2552, 0.998017739762535
2553, 0.9971863910182662
2554, 0.9982278129309475
2555, 0.998643231073541
2556, 1.0012632306829308
2557, 1.000447484464244
2558, 0.9988745110225462
2559, 0.9997940470472751
2560, 0.9992725232943014
2561, 0.9994955284007848
2562, 0.9978750252683575
2563, 0.9995247339403633
2564, 0.9854549040067252
2565, 1.0016035209241512
2566, 0.9964855165314854
2567, 0.9950246811944429
2568, 0.9951951918527568
2569, 0.9925929213256729
2570, 0.99618095250218
2571, 0.9950668524463484
2572, 0.9954534214844276
2573, 0.9970673181692193
2574, 0.9921100154011414
2575, 0.9910574074788241
2576, 0.9919124547503231
2577, 0.9950145632133124
2578, 0.9952847793329725
2579, 0.9911378206724927
2580, 0.9932357430919926
2581, 0.9894556164841772
2582, 0.989255761623181
2583, 0.9859373726069375
2584, 0.9944489952543464
2585, 0.992490679569149
2586, 0.9919299510769916
2587, 0.9916637930814446
2588, 0.9938023399106098
2589, 0.9943314044175777
2590, 0.992911927546012
2591, 0.9956397932219088
2592, 0.9939418313991558
2593, 0.9948728695303486
2594, 0.9942474707232446
2595, 0.9969916863158341
2596, 0.9988904048215772
2597, 0.998911315237298
2598, 0.9983726105959432
2599, 0.9953179657511596
2600, 0.9943304605833609
2601, 0.9946959409077955
2602, 0.9966997731249352
2603, 0.9970009095751738
2604, 0.9947490591341283
2605, 0.9968419980359493
2606, 0.9967133721065202
2607, 1.0008048527368905
2608, 0.9989628712128831
2609, 0.9962748940519635
2610, 0.9974300861878631
2611, 0.9916984600994467
2612, 0.9951608045563138
2613, 0.9944154139826112
2614, 0.9965669901831437
2615, 0.9922501356076117
2616, 1.0002534467782478
2617, 0.995573399191376
2618, 0.9920839722273322
2619, 0.9987751002163704
2620, 0.9976964628206914
2621, 0.9959501730618551
2622, 0.9950069104362141
2623, 0.9958029394249865
2624, 0.9934693407681935
2625, 0.9951676526931056
2626, 0.9950867284284274
2627, 0.9947772469679126
2628, 0.9947464052769315
2629, 0.9974352632903573
2630, 0.9948518219167233
2631, 0.9898863706427456
2632, 0.9968279856395609
2633, 0.9958095686715501
2634, 0.9944866436561686
2635, 0.9954458950243309
2636, 0.995276778565581
2637, 0.9963354202481164
2638, 0.997597109703443
2639, 0.9943456588791791
2640, 0.9957954201585903
2641, 0.9948828227659067
2642, 0.9959298957182137
2643, 0.9952466761887242
2644, 0.9947855121289275
2645, 0.9989901545389999
2646, 0.996632622025842
2647, 0.9983813163694654
2648, 0.9948721658649246
2649, 0.9958387702775356
2650, 0.9961653710657593
2651, 0.993347433618944
2652, 0.9943076230959655
2653, 0.9942618701775102
2654, 0.9935409401932414
2655, 0.9917946329185493
2656, 0.9926609703870419
2657, 0.9944723759760472
2658, 0.9925558888489636
2659, 0.9934034854995744
2660, 0.9935656135412066
2661, 0.9951327644662612
2662, 0.9944691066723608
2663, 0.9950941028111397
2664, 0.9951116501172621
2665, 0.9960341678696316
2666, 0.9959076739134427
2667, 0.9941015733747689
2668, 0.9946281033059621
2669, 0.9965591575011732
2670, 0.9920372355445659
2671, 0.9965854088758624
2672, 0.9945388474994914
2673, 0.9938753348327481
2674, 0.9948323808692592
2675, 0.9950165290832206
2676, 0.9940579957095234
2677, 0.9976324719483484
2678, 0.995845863818947
2679, 0.9958994702385368
2680, 0.9988152475790665
2681, 1.000359683914408
2682, 0.9966767136843452
2683, 0.9958532303246977
2684, 0.9959033279329169
2685, 0.997088665016159
2686, 0.995996753008952
2687, 0.9944970168430396
2688, 0.9946718592336932
2689, 0.995654348555148
2690, 0.9955458480969827
2691, 0.9934134098631215
2692, 0.9977702168169739
2693, 0.996531295122947
2694, 0.9958503708660853
2695, 0.9967548315796018
2696, 0.9972367549747382
2697, 0.9976938833049112
2698, 0.9946818409988073
2699, 0.9958644180906088
2700, 0.9936374416992714
2701, 0.9974738824382362
2702, 0.9949189424545395
2703, 0.996889655999615
2704, 0.9940014222537922
2705, 0.9976709551533267
2706, 0.9963055828849158
2707, 0.9951596156175712
2708, 0.991499680807664
2709, 0.9960999779998925
2710, 0.9944855384142408
2711, 0.9966055631732325
2712, 0.9962277803252386
2713, 0.9933461541727108
2714, 0.9951093083408654
2715, 0.9984214763082868
2716, 0.9964888143485077
2717, 1.0001277374539925
2718, 0.9976512450043169
2719, 0.9976107120916029
2720, 1.005460181264585
2721, 0.9992574804193806
2722, 0.9967388362036391
2723, 0.9966345870007624
2724, 0.9969439790347076
2725, 0.9951286050085596
2726, 0.9979165284962773
2727, 0.9934381868265256
2728, 0.99813334724179
2729, 0.9981087783389014
2730, 0.9996882578654629
2731, 0.9924678532018631
2732, 0.9974500164281501
2733, 1.00566956548939
2734, 0.9964774490784019
2735, 0.9970757242326695
2736, 0.9984791090799436
2737, 0.9987959231678022
2738, 0.9972577772941968
2739, 0.999099139331626
2740, 0.9985099426759083
2741, 0.9960146247975534
2742, 0.9953858853680936
2743, 0.9965457168198576
2744, 0.9959155234488368
2745, 0.9965249057343165
2746, 0.9979839915602483
2747, 0.9902385458337435
2748, 0.9908033975859589
2749, 0.9939353162828714
2750, 0.9923831052154698
2751, 1.0081320088348706
2752, 0.994174437304368
2753, 0.9932135085037805
2754, 0.9884016837806481
2755, 0.9953601565059039
2756, 1.0024408815264936
2757, 0.9960427682939098
2758, 0.9941731987410006
2759, 0.9926207324935139
2760, 0.9938979303128188
2761, 0.9938139563879691
2762, 0.9931274535809188
2763, 0.9941428159244009
2764, 0.9919217753972512
2765, 0.9943689447018575
2766, 0.9947585765529189
2767, 0.9928940401271402
2768, 1.000398508131632
2769, 0.995603770434089
2770, 0.9979429297785332
2771, 0.9981514877136276
2772, 0.9876226239458663
2773, 0.99501627197918
2774, 0.9968616177804913
2775, 0.99595033797518
2776, 0.9942638217751326
2777, 0.9964623971021753
2778, 0.9978827867325646
2779, 0.9951327947951514
2780, 0.9964692176401017
2781, 0.9940745085665964
2782, 0.9968218291541473
2783, 0.9981015898732686
2784, 0.9979884603675847
2785, 0.9976657842130786
2786, 0.9951666865707823
2787, 1.000400666806579
2788, 0.9930479676861486
2789, 0.9976664112739091
2790, 1.0019967287214204
2791, 0.995613579502842
2792, 0.9984524553524569
2793, 0.9958622011112166
2794, 0.9992412178342484
2795, 1.00311260043246
2796, 0.9956826300132819
2797, 1.0005719111546458
2798, 0.9992654846413236
2799, 0.9977877784377249
2800, 0.9982705700228418
2801, 0.998657916689588
2802, 0.9981001829798083
2803, 1.0003073752329579
2804, 0.9959416282381999
2805, 0.9993835180015659
2806, 0.9993903597712694
2807, 0.9984108075158947
2808, 0.9966262254598839
2809, 0.9969210809326902
2810, 0.9962447658254985
2811, 0.9980988735582031
2812, 1.0001637341375897
2813, 0.998980508450977
2814, 0.9971250274263711
2815, 0.9980756067467336
2816, 1.0000702265735613
2817, 0.9974631376614963
2818, 0.9986385352252115
2819, 0.997135938013543
2820, 1.0005002327102295
2821, 0.9984661295784261
2822, 1.0001960166867108
2823, 1.0003275253903863
2824, 0.9988862823682337
2825, 0.9956652551891814
2826, 1.0044472989813096
2827, 1.0003681573443066
2828, 1.0004860549176111
2829, 0.9978288395611753
2830, 1.0001191028468501
2831, 1.0005219612015448
2832, 0.995770325352461
2833, 0.9995197392223023
2834, 1.000341521051542
2835, 0.99374697997875
2836, 0.9992231810553035
2837, 0.9976932551874661
2838, 0.9985089576817013
2839, 0.9949615243708685
2840, 0.9998473625822472
2841, 0.995802335674645
2842, 0.9945493504147205
2843, 0.9939773309434543
2844, 0.994331359221744
2845, 0.9922605486190422
2846, 0.9883300109263417
2847, 0.9867675161076406
2848, 0.9866756766993893
2849, 0.9850721754786782
2850, 0.9849351679177777
2851, 0.9826103778022309
2852, 0.9859275239849247
2853, 0.98268000369258
2854, 0.9839519626501265
2855, 0.9841601929168073
2856, 0.9841710929061387
2857, 0.9807212597301181
2858, 0.9835509335347624
2859, 0.983200825776314
2860, 0.9838940379414224
2861, 0.9813940726885868
2862, 0.9824798122755292
2863, 0.9838200366104599
2864, 0.9833631338383555
2865, 0.9851711108234564
2866, 0.986577459335749
2867, 0.9901992881731632
2868, 0.991674960758169
2869, 0.9923035358494795
2870, 0.9901807658242108
2871, 0.9898886049338593
2872, 0.9864338904236051
2873, 0.9878095716654043
2874, 0.9864796680049317
2875, 0.9849824434398533
2876, 0.9877615712289645
2877, 0.9866363150594532
2878, 0.9853296423959507
2879, 0.9850964462456889
2880, 0.9872933748070211
2881, 0.9851376230112426
2882, 0.9858309341365611
2883, 0.985408170809389
2884, 0.98595012792851
2885, 0.9872070736029126
2886, 0.9858777648779223
2887, 0.9873297980468831
2888, 0.988967396787522
2889, 0.9914073302956411
2890, 0.9922034936498265
2891, 0.9921601218432121
2892, 0.9968172033715768
2893, 0.9954260920376609
2894, 0.9947976240125861
2895, 0.9963316539954282
2896, 0.9981498072875054
2897, 0.9994225923024345
2898, 0.9963820162047777
2899, 0.998401464049097
2900, 0.9976757057671962
2901, 0.9991373340069265
2902, 1.0003892535643666
2903, 0.9986799978635654
2904, 0.9963948339432269
2905, 0.9982256233250598
2906, 0.9975850574851003
2907, 0.9990471042046527
2908, 0.9975417592268071
2909, 0.9967615674637403
2910, 0.9997711286247468
2911, 0.9972214414633619
2912, 0.9979126806804781
2913, 0.9997460936473362
2914, 0.9991408534156868
2915, 0.9991147132981947
2916, 0.9995988069746897
2917, 1.0031865493730594
2918, 0.9907693599182397
2919, 1.005894320721004
2920, 1.0004065809009657
2921, 1.0018600032617806
2922, 0.9988117438399507
2923, 1.0019076060276313
2924, 0.9983415378902623
2925, 0.9976835170752268
2926, 0.9969145880098813
2927, 0.9981861894913062
2928, 0.9995734030796223
2929, 0.9981631533018126
2930, 0.9874881965654871
2931, 0.9966310862470118
2932, 0.9997556205216016
2933, 0.9976038490322215
2934, 0.9943804511288067
2935, 0.9984646983345752
2936, 0.9995752404948414
2937, 0.9994337068263728
2938, 0.9973833044979455
2939, 0.9973511616839269
2940, 0.9956083276865164
2941, 0.9982381552692151
2942, 0.9957549911441635
2943, 0.9987202392603902
2944, 0.9969979302822118
2945, 1.0012690269666007
2946, 0.9984998941984666
2947, 0.9956472537382512
2948, 0.9979182211675246
2949, 0.9973184801672565
2950, 1.0000705648993347
2951, 0.9979812568392926
2952, 0.9995316224601855
2953, 0.9968836829892151
2954, 0.9986514114047469
2955, 0.9963282007183383
2956, 0.9953175844807025
2957, 0.9864244326685309
2958, 1.0007099000420991
2959, 0.9977921360477182
2960, 0.9987506381563193
2961, 0.9941295383870365
2962, 1.0006889555933527
2963, 0.9977919841000992
2964, 1.0036254230928427
2965, 0.9988811368180971
2966, 0.9857709245003188
2967, 0.9978642485315404
2968, 0.9982052379471995
2969, 0.9983879108452834
2970, 0.9953960877780715
2971, 0.9986734292813889
2972, 0.9980131789608617
2973, 1.0007369418221017
2974, 0.9984918443454625
2975, 0.9974062611511817
2976, 0.9980455262824074
2977, 0.9982209972046658
2978, 0.9958855178010613
2979, 1.0008482201379354
2980, 0.9971647143963646
2981, 0.9999403504101511
2982, 0.9983430113815817
2983, 0.9976534157158871
2984, 1.0096450213835813
2985, 0.9975106691162303
2986, 1.0001493887222312
2987, 0.9977630096897093
2988, 1.0000812340382386
2989, 1.0024088061269771
2990, 0.9967158809134934
2991, 1.0021128113916362
2992, 1.0028242345422944
2993, 1.0044379160982204
2994, 0.9991635050295796
2995, 0.9977268539119903
2996, 0.9975145802809403
2997, 0.9993765519009874
2998, 0.998211543595536
2999, 1.0012829180973748
3000, 0.9991927223701371
3001, 0.9987636974072889
3002, 1.00022320743866
3003, 0.9989641084886317
3004, 1.001288684497446
3005, 0.9987048271940873
3006, 0.9990111390531362
3007, 0.9990122050577823
3008, 0.9986416781115707
3009, 1.0025191365587616
3010, 0.9978711727539827
3011, 0.9918159661610613
3012, 0.998505552365882
3013, 0.9864481169265197
3014, 1.0064271115037946
3015, 1.004712165195128
3016, 0.997472017706931
3017, 1.0022132000009865
3018, 1.0021297535126892
3019, 0.9989317954234762
3020, 0.9952071172783665
3021, 0.9964682006412735
3022, 0.99925572806722
3023, 0.9984010386773668
3024, 0.9984613307532672
3025, 0.9989957385406824
3026, 0.9955672227092149
3027, 0.9982833010759614
3028, 0.9961072483246058
3029, 0.9969440146281812
3030, 0.9982225989117761
3031, 0.999870227636247
3032, 0.9986746123146487
3033, 1.0007148511858777
3034, 0.9950112722532259
3035, 0.9983031332746145
3036, 0.9977199502600136
3037, 0.9959770116661875
3038, 0.9959581241455422
3039, 0.9971916569250805
3040, 0.9982028426518763
3041, 0.999258528614473
3042, 0.9991385810469637
3043, 0.9986406046968751
3044, 0.9936225434427728
3045, 1.0034310080782098
3046, 0.9961368527419608
3047, 1.0051906165296094
3048, 0.9978770836859534
3049, 0.9973420616193097
3050, 0.9967538770698341
3051, 0.9976397815710756
3052, 0.9988384286739759
3053, 0.9970174437748048
3054, 0.9986399995795527
3055, 0.9981369344872192
3056, 0.9986363218304456
3057, 0.9969573626475511
3058, 1.0008572788317287
3059, 0.9967968253761926
3060, 0.9915185930369171
3061, 0.9990152120165591
3062, 0.9989536850965255
3063, 0.993679455672922
3064, 0.9941836813196386
3065, 0.9975870211207745
3066, 1.0004772147027545
3067, 0.9980088006193875
3068, 0.9957504485996097
3069, 0.9984192812981005
3070, 0.9980777822189958
3071, 0.9960148276196176
3072, 0.9962470801500981
3073, 0.9959642115852282
3074, 0.9965294917960913
3075, 0.994052808897474
3076, 0.9959149908556698
3077, 0.9948592286097456
3078, 0.9961978401260695
3079, 0.9994403424541564
3080, 0.9946265441739593
3081, 0.9931265121915409
3082, 0.9958213998147957
3083, 0.9947229090144232
3084, 1.0012888118195207
3085, 0.9933687444820005
3086, 0.9973935335773988
3087, 0.9957464372343988
3088, 0.9967456902325766
3089, 0.997493427592037
3090, 1.0007952127100015
3091, 0.997935751535808
3092, 0.9973460161127722
3093, 0.9965726820011948
3094, 0.9978865309629161
3095, 1.0005963183959456
3096, 0.9950712488665926
3097, 1.0003943645875855
3098, 0.9955915993212038
3099, 0.9956353656774548
3100, 0.9972050166453801
3101, 0.9973989870440906
3102, 0.9999681751735031
3103, 1.0001283437809616
3104, 0.996119590194963
3105, 0.9958634071982557
3106, 0.9968959576174654
3107, 0.999090756678572
3108, 0.997943542229626
3109, 0.9988466326134976
3110, 0.9985065672639839
3111, 1.0017693770753966
3112, 0.996643700025791
3113, 1.0027472358144176
3114, 1.0026739748725284
3115, 0.9975987468347903
3116, 1.0005404467293075
3117, 0.9991764697983084
3118, 1.0018767555519041
3119, 0.9999590539082596
3120, 1.0040992919939358
3121, 0.9998024606487117
3122, 0.9951441471466098
3123, 0.9975587048215219
3124, 0.9998541877124802
3125, 0.9989200717271735
3126, 0.9983036358462725
3127, 1.0009659993252624
3128, 1.0026876611963325
3129, 1.0003262719460995
3130, 0.9996407059114488
3131, 0.99777674740011
3132, 1.0020581608627974
3133, 1.000109250519513
3134, 0.9984367085180006
3135, 0.9977142855996918
3136, 0.997459043224127
3137, 0.9983254451971567
3138, 0.9965528683004276
3139, 0.9972446732633323
3140, 0.999798816387141
3141, 1.0000445125991515
3142, 0.9981252752692518
3143, 0.9987131852706056
3144, 0.9976657008812937
3145, 1.0016144120623987
3146, 0.999832905748313
3147, 1.0015575363908042
3148, 1.0011373062564244
3149, 1.006404244550274
3150, 1.0004269425678907
3151, 0.9988684138064279
3152, 1.001761572185159
3153, 1.0001238115132027
3154, 0.999961242085927
3155, 0.9970554599519494
3156, 1.0022655875356798
3157, 1.0023866343687584
3158, 0.9988036685280518
3159, 1.0008574183643872
3160, 1.000693124678241
3161, 1.0003460340292358
3162, 1.0014405459594358
3163, 0.9976937695078681
3164, 0.9980033629255852
3165, 0.9987600079927337
3166, 1.0001262587674777
3167, 1.000649442302218
3168, 0.999111326463674
3169, 1.0014876836379818
3170, 0.9984480724750321
3171, 0.9986692215746078
3172, 0.9965379105254834
3173, 1.00180824749962
3174, 1.002200696391075
3175, 1.0008847095328877
3176, 0.9990727827017708
3177, 1.0016782929209795
3178, 0.9997384460104382
3179, 0.9994562448805632
3180, 0.9994523259083372
3181, 0.999567495225577
3182, 0.9990695549372237
3183, 0.9983662563753816
3184, 1.0014126659228635
3185, 1.00068392768266
3186, 1.0001582595746117
3187, 0.9985296737949664
3188, 0.998362344243574
3189, 0.9994393717200022
3190, 0.9957474482394172
3191, 0.9991318533600102
3192, 0.999978109569488
3193, 1.0020030973597878
3194, 1.0039478117959013
3195, 1.002373474094374
3196, 0.9954244898671722
3197, 0.9986950640928871
3198, 0.9977110187566514
3199, 1.0021080756241114

